9564
9544
27
39
21
9550
76
79
43
9394
323
199
205
9203
456
437
257
9431
367
295
108
9368
173
101
61
9138
511
481
303
9319
355
298
155
9345
322
258
146
9423
377
224
222
9126
454
413
213
9361
339
266
117
9245
496
391
263
9434
418
381
201
9441
223
193
109
9459
427
323
281
9416
496
469
232
9579
357
285
156
9483
332
316
168
9405
515
423
253
9332
318
223
111
9435
359
375
170
9579
251
190
146
9590
173
97
116
9494
299
286
108
9505
171
309
56
9339
344
266
223
9362
445
355
209
9325
468
365
236
9278
461
427
187
9123
499
267
209
9243
392
321
179
9329
376
332
190
9287
307
192
119
9321
282
300
115
9276
295
189
154
9383
132
97
29
9303
73
63
44
9285
330
320
181
9490
381
322
195
9463
417
254
179
9380
545
401
266
9595
465
346
226
9377
455
326
244
9588
469
371
226
9421
361
287
177
9317
449
394
222
9360
497
420
227
9087
549
396
284
9283
586
506
391
9209
706
365
421
9185
843
738
491
9682
596
558
365
9353
443
394
250
9491
591
430
353
9493
557
505
237
9595
264
95
85
9683
174
167
58
9420
386
226
263
9711
640
547
321
9896
480
389
162
9815
539
430
314
9824
528
277
240
9711
479
313
284
9549
446
422
286
9458
524
434
309
9254
727
558
433
9400
401
389
117
9325
270
266
158
9298
132
112
52
9396
264
240
124
9250
229
272
146
9313
279
256
112
9270
279
188
143
1172
140
107
